ramon: cwd                  /home/gh1/A/_work/z3-poly-testing/z3-poly-testing
ramon: start                Wed Aug 28 15:47:49 2024
ramon: nproc                32
ramon: sys.mem              63442 MiB
ramon: sys.mem.free         45081 MiB
ramon: sys.mem.avail        62943 MiB
ramon: sys.nprocs           874
ramon: argv                 0 = z3
ramon: argv                 1 = inputs/QF_BV_SAT/bench_6813.smt2
ramon: argv                 2 = -T:5
ramon: argv                 3 = -v:2
ramon: argv                 4 = -st
ramon: argv                 5 = tactic.default_tactic=(then simplify propagate-values solve-eqs simplify sls-smt)
ramon: childpid             3693871
UNITS -0 1 -2
on-model 
(bvadd bv[4294967247:32] (concat bv[0:24] T1_114129) (concat (bvadd bv[2147483600:31] #131 #153 #180) bv[0:1])) d S
(bvadd bv[4294967248:32] (concat bv[0:24] T1_114129) (concat (bvadd bv[2147483600:31] #131 #153 #180) bv[0:1])) d S
(concat (bvadd bv[2147483600:31] (concat bv[0:23] T1_114128) (concat #152 bv[0:1]) (concat #179 bv[0:2])) bv[0:1]) d S
bv[4294967247:32] d S
(bvadd bv[4294967247:32] (concat bv[0:24] T1_114129) (concat (bvadd bv[2147483600:31] #131 #153 #180) bv[0:1])) u S
(bvadd bv[4294967248:32] (concat bv[0:24] T1_114129) (concat (bvadd bv[2147483600:31] #131 #153 #180) bv[0:1])) u S
(bvadd bv[4294967148:32] (concat bv[0:24] T1_114129) (concat (bvadd bv[2147483600:31] #131 #153 #180) bv[0:1])) u F
(bvsle bv[0:32] (bvadd bv[4294967247:32] (concat bv[0:24] T1_114129) (concat #181 bv[0:1]))) u S
(bvsle bv[0:32] (bvadd bv[4294967148:32] (concat bv[0:24] T1_114129) (concat #181 bv[0:1]))) u S
(bvsle (bvadd bv[4294967248:32] (concat bv[0:24] T1_114129) (concat #181 bv[0:1])) bv[0:32]) u S
(bvadd bv[4294967247:32] (concat bv[0:24] T1_114129) (concat (bvadd bv[2147483600:31] #131 #153 #180) bv[0:1])) d S
(bvadd bv[4294967148:32] (concat bv[0:24] T1_114129) (concat (bvadd bv[2147483600:31] #131 #153 #180) bv[0:1])) d S
(bvadd bv[4294967248:32] (concat bv[0:24] T1_114129) (concat (bvadd bv[2147483600:31] #131 #153 #180) bv[0:1])) d S
(concat (bvadd bv[2147483600:31] (concat bv[0:23] T1_114128) (concat #152 bv[0:1]) (concat #179 bv[0:2])) bv[0:1]) d S
(bvadd bv[4294967148:32] (concat bv[0:24] T1_114129) (concat (bvadd bv[2147483600:31] #131 #153 #180) bv[0:1])) u F
(bvadd bv[4294967248:32] (concat bv[0:24] T1_114129) (concat (bvadd bv[2147483600:31] #131 #153 #180) bv[0:1])) u S
(bvadd bv[4294967247:32] (concat bv[0:24] T1_114129) (concat (bvadd bv[2147483600:31] #131 #153 #180) bv[0:1])) u S
(bvsle (bvadd bv[4294967248:32] (concat bv[0:24] T1_114129) (concat #181 bv[0:1])) bv[0:32]) u S
(bvsle bv[0:32] (bvadd bv[4294967247:32] (concat bv[0:24] T1_114129) (concat #181 bv[0:1]))) u S
(bvsle bv[0:32] (bvadd bv[4294967148:32] (concat bv[0:24] T1_114129) (concat #181 bv[0:1]))) u S
(bvadd bv[4294967148:32] (concat bv[0:24] T1_114129) (concat (bvadd bv[2147483600:31] #131 #153 #180) bv[0:1])) d S
(bvadd bv[4294967247:32] (concat bv[0:24] T1_114129) (concat (bvadd bv[2147483600:31] #131 #153 #180) bv[0:1])) d S
(bvadd bv[4294967248:32] (concat bv[0:24] T1_114129) (concat (bvadd bv[2147483600:31] #131 #153 #180) bv[0:1])) d S
(concat (bvadd bv[2147483600:31] (concat bv[0:23] T1_114128) (concat #152 bv[0:1]) (concat #179 bv[0:2])) bv[0:1]) d S
bv[4294967247:32] d S
(bvadd bv[4294967148:32] (concat bv[0:24] T1_114129) (concat (bvadd bv[2147483600:31] #131 #153 #180) bv[0:1])) u F
(bvadd bv[4294967248:32] (concat bv[0:24] T1_114129) (concat (bvadd bv[2147483600:31] #131 #153 #180) bv[0:1])) u S
(bvadd bv[4294967247:32] (concat bv[0:24] T1_114129) (concat (bvadd bv[2147483600:31] #131 #153 #180) bv[0:1])) u S
(bvsle (bvadd bv[4294967248:32] (concat bv[0:24] T1_114129) (concat #181 bv[0:1])) bv[0:32]) u S
(bvsle bv[0:32] (bvadd bv[4294967247:32] (concat bv[0:24] T1_114129) (concat #181 bv[0:1]))) u S
(bvsle bv[0:32] (bvadd bv[4294967148:32] (concat bv[0:24] T1_114129) (concat #181 bv[0:1]))) u S
(bvadd bv[4294967148:32] (concat bv[0:24] T1_114129) (concat (bvadd bv[2147483600:31] #131 #153 #180) bv[0:1])) d S
(bvadd bv[4294967247:32] (concat bv[0:24] T1_114129) (concat (bvadd bv[2147483600:31] #131 #153 #180) bv[0:1])) d S
(bvadd bv[4294967248:32] (concat bv[0:24] T1_114129) (concat (bvadd bv[2147483600:31] #131 #153 #180) bv[0:1])) d S
(concat (bvadd bv[2147483600:31] (concat bv[0:23] T1_114128) (concat #152 bv[0:1]) (concat #179 bv[0:2])) bv[0:1]) d S
(concat bv[0:24] T1_114129) d S
bv[4294967247:32] d S
(bvadd bv[4294967148:32] (concat bv[0:24] T1_114129) (concat (bvadd bv[2147483600:31] #131 #153 #180) bv[0:1])) u F
(bvadd bv[4294967248:32] (concat bv[0:24] T1_114129) (concat (bvadd bv[2147483600:31] #131 #153 #180) bv[0:1])) u S
(bvadd bv[4294967247:32] (concat bv[0:24] T1_114129) (concat (bvadd bv[2147483600:31] #131 #153 #180) bv[0:1])) u S
(bvsle (bvadd bv[4294967248:32] (concat bv[0:24] T1_114129) (concat #181 bv[0:1])) bv[0:32]) u S
(bvsle bv[0:32] (bvadd bv[4294967247:32] (concat bv[0:24] T1_114129) (concat #181 bv[0:1]))) u S
(bvsle bv[0:32] (bvadd bv[4294967148:32] (concat bv[0:24] T1_114129) (concat #181 bv[0:1]))) u S
(bvadd bv[4294967148:32] (concat bv[0:24] T1_114129) (concat (bvadd bv[2147483600:31] #131 #153 #180) bv[0:1])) d S
(bvadd bv[4294967247:32] (concat bv[0:24] T1_114129) (concat (bvadd bv[2147483600:31] #131 #153 #180) bv[0:1])) d S
(bvadd bv[4294967248:32] (concat bv[0:24] T1_114129) (concat (bvadd bv[2147483600:31] #131 #153 #180) bv[0:1])) d S
bv[4294967148:32] d S
(bvadd bv[4294967148:32] (concat bv[0:24] T1_114129) (concat (bvadd bv[2147483600:31] #131 #153 #180) bv[0:1])) u F
(bvsle bv[0:32] (bvadd bv[4294967148:32] (concat bv[0:24] T1_114129) (concat #181 bv[0:1]))) u S
(bvadd bv[4294967148:32] (concat bv[0:24] T1_114129) (concat (bvadd bv[2147483600:31] #131 #153 #180) bv[0:1])) d S
(concat bv[0:24] T1_114129) d S
(bvadd bv[4294967148:32] (concat bv[0:24] T1_114129) (concat (bvadd bv[2147483600:31] #131 #153 #180) bv[0:1])) u S
(bvadd bv[4294967248:32] (concat bv[0:24] T1_114129) (concat (bvadd bv[2147483600:31] #131 #153 #180) bv[0:1])) u S
(bvadd bv[4294967247:32] (concat bv[0:24] T1_114129) (concat (bvadd bv[2147483600:31] #131 #153 #180) bv[0:1])) u S
(bvsle (bvadd bv[4294967248:32] (concat bv[0:24] T1_114129) (concat #181 bv[0:1])) bv[0:32]) u S
(bvsle bv[0:32] (bvadd bv[4294967247:32] (concat bv[0:24] T1_114129) (concat #181 bv[0:1]))) u S
(bvsle bv[0:32] (bvadd bv[4294967148:32] (concat bv[0:24] T1_114129) (concat #181 bv[0:1]))) u S
(bvadd bv[4294967148:32] (concat bv[0:24] T1_114129) (concat (bvadd bv[2147483600:31] #131 #153 #180) bv[0:1])) d S
(bvadd bv[4294967247:32] (concat bv[0:24] T1_114129) (concat (bvadd bv[2147483600:31] #131 #153 #180) bv[0:1])) d S
(bvadd bv[4294967248:32] (concat bv[0:24] T1_114129) (concat (bvadd bv[2147483600:31] #131 #153 #180) bv[0:1])) d S
on-model 
(sat.ddfw :unsat :models :kflips/sec  :flips  :restarts  :reinits  :unsat_vars  :shifts)
(sat.ddfw       0      1         1         3         0          0            0        1)
ramon: end                  Wed Aug 28 15:47:49 2024
ramon: root.execname        z3
ramon: root.utime           0.000s
ramon: root.stime           0.000s
ramon: group.total          0.007s
ramon: group.utime          0.004s
ramon: group.stime          0.004s
ramon: group.mempeak        18196KiB
ramon: group.pidpeak        2
ramon: status               exited
ramon: exitcode             0
ramon: walltime             0.008s
ramon: loadavg              0.87
