ramon: cwd                  /home/gh1/A/_work/z3-poly-testing/z3-poly-testing
ramon: start                Wed Aug 28 15:47:19 2024
ramon: nproc                32
ramon: sys.mem              63442 MiB
ramon: sys.mem.free         49761 MiB
ramon: sys.mem.avail        62943 MiB
ramon: sys.nprocs           863
ramon: argv                 0 = z3
ramon: argv                 1 = inputs/QF_BV_SAT/bench_3032.smt2
ramon: argv                 2 = -T:5
ramon: argv                 3 = -v:2
ramon: argv                 4 = -st
ramon: argv                 5 = tactic.default_tactic=(then simplify propagate-values solve-eqs simplify sls-smt)
ramon: childpid             3657354
UNITS 4 -5 -6 -7 8 9 -10 -15 16 -17 20 21 -22 23 24 -25 26 27 -28 31 32 -33 34 -35 38 39 -40 -43 44 52 53 -54 55 -56 57 62 65 66 71 72 73 74 79 -81 83 84 85 86 87 88 89 90 91
try-repair-uge 1 1e ev: 0 [1e, 0[ 40 ev: 40 fix:ffff
(bvule bv[64:16] (concat T1_17 T1_16)) d S
(bvule bv[54:16] (concat T1_17 T1_16)) d S
try-repair-uge 0 0 ev: 0 fix:fe00 [0, 100[ 0 ev: 0 fix:ff00 [0, fe[
try-repair-ule 0 0 ev: 0 fix:ff00 [0, fe[ 0 ev: 0 fix:fe00 [0, 100[
(bvule (concat T1_61 T1_60) (concat T1_63 T1_62)) d S
try-repair-uge 0 1e ev: 1e fix:1f 0 ev: 0
try-repair-ule 0 0 ev: 0 1e ev: 1e fix:1f
(bvule (extract[4:0] T1_16) bv[30:5]) d S
(bvule bv[2:16] (concat T1_61 T1_60)) d S
(bvule (extract[4:0] T1_16) bv[29:5]) d S
(concat T1_17 T1_16) d S
(extract[4:0] T1_16) d S
(concat T1_61 T1_60) d S
(concat bv[0:16] T1_17 T1_16) u F
(extract[7:5] T1_16) u S
(extract[4:0] T1_16) u S
(= T1_16 bv[30:8]) u S
(concat T1_17 T1_16) u S
(= T1_16 bv[0:8]) u S
(= (extract[7:5] T1_16) bv[0:3]) u S
(bvule (concat T1_59 T1_58) (concat T1_61 T1_60)) u S
(concat (extract[0:0] T1_17) T1_16) u S
(concat (extract[1:0] T1_17) T1_16) u F
(bvule (concat T1_61 T1_60) (concat T1_63 T1_62)) u S
(bvule bv[64:16] (concat T1_17 T1_16)) u S
(bvule bv[54:16] (concat T1_17 T1_16)) u S
(bvule bv[2:16] (concat T1_61 T1_60)) u S
(concat (extract[2:0] T1_17) T1_16) u S
(bvule (extract[4:0] T1_16) bv[30:5]) u S
(bvadd bv[4294967266:32] (concat bv[0:16] T1_17 T1_16)) u S
(bvule bv[24:16] (concat T1_17 T1_16)) u S
(bvule (extract[4:0] T1_16) bv[29:5]) u S
(bvule bv[254:16] (concat T1_61 T1_60)) u S
(bvule bv[256:16] (concat T1_61 T1_60)) u S
(bvule bv[30:16] (concat T1_17 T1_16)) u S
(bvule (bvadd bv[166:32] (concat T1_49 T1_48 T1_47 T1_46)) (bvadd bv[4294967266:32] (concat bv[0:16] T1_17 T1_16))) u S
(bvule (concat T1_49 T1_48 T1_47 T1_46) (bvadd bv[4294967266:32] (concat bv[0:16] T1_17 T1_16))) u S
(= (concat bv[0:16] T1_17 T1_16) (bvadd bv[172:32] (concat T1_49 T1_48 T1_47 T1_46))) u S
(bvule (concat (extract[2:0] T1_17) T1_16) bv[2000:11]) u S
(= (concat bv[0:16] T1_17 T1_16) (bvadd bv[68:32] (concat T1_49 T1_48 T1_47 T1_46))) u S
(bvadd bv[994:10] (concat (extract[1:0] T1_17) T1_16)) u S
(bvadd bv[4294967228:32] (concat bv[0:16] T1_17 T1_16) (bvmul bv[4294967295:32] (concat T1_49 T1_48 T1_47 T1_46))) u S
(bvadd bv[4294967124:32] (concat bv[0:16] T1_17 T1_16) (bvmul bv[4294967295:32] (concat T1_49 T1_48 T1_47 T1_46))) u S
(bvule (concat (extract[0:0] T1_17) T1_16) bv[480:9]) u S
(= (concat bv[0:16] T1_17 T1_16) (bvadd bv[30:32] (concat T1_49 T1_48 T1_47 T1_46))) u S
(bvadd bv[4294967266:32] (concat bv[0:16] T1_17 T1_16) (bvmul bv[4294967295:32] (concat T1_49 T1_48 T1_47 T1_46))) u F
(bvule (bvadd bv[24:32] (concat T1_49 T1_48 T1_47 T1_46)) (bvadd bv[4294967266:32] (concat bv[0:16] T1_17 T1_16))) u S
(bvule (bvadd bv[62:32] (concat T1_49 T1_48 T1_47 T1_46)) (bvadd bv[4294967266:32] (concat bv[0:16] T1_17 T1_16))) u S
(extract[31:10] (bvadd bv[4294967266:32] (concat bv[0:16] T1_17 T1_16))) u S
(bvule bv[46:32] (bvadd bv[4294967124:32] (concat bv[0:16] T1_17 T1_16) (bvmul bv[4294967295:32] #378))) u S
(= (extract[31:10] (bvadd bv[4294967266:32] #689)) bv[0:22]) u S
(bvule bv[104:32] (bvadd bv[4294967228:32] (concat bv[0:16] T1_17 T1_16) (bvmul bv[4294967295:32] #378))) u S
(bvule bv[26:32] (bvadd bv[4294967266:32] (concat bv[0:16] T1_17 T1_16) (bvmul bv[4294967295:32] #378))) u S
(bvule (bvadd bv[994:10] (concat #1035 T1_16)) bv[955:10]) u S
(bvadd bv[994:10] (concat (extract[1:0] T1_17) T1_16)) d S
(bvadd bv[4294967228:32] (concat bv[0:16] T1_17 T1_16) (bvmul bv[4294967295:32] (concat T1_49 T1_48 T1_47 T1_46))) d S
(bvadd bv[4294967124:32] (concat bv[0:16] T1_17 T1_16) (bvmul bv[4294967295:32] (concat T1_49 T1_48 T1_47 T1_46))) d S
(bvadd bv[4294967266:32] (concat bv[0:16] T1_17 T1_16) (bvmul bv[4294967295:32] (concat T1_49 T1_48 T1_47 T1_46))) d S
(extract[31:10] (bvadd bv[4294967266:32] (concat bv[0:16] T1_17 T1_16))) d S
(bvadd bv[4294967266:32] (concat bv[0:16] T1_17 T1_16)) d S
(concat (extract[1:0] T1_17) T1_16) d S
(concat (extract[2:0] T1_17) T1_16) d S
(concat (extract[0:0] T1_17) T1_16) d S
(extract[7:5] T1_16) d S
(concat bv[0:16] T1_17 T1_16) d S
(extract[4:0] T1_16) d S
(extract[1:0] T1_17) d S
(concat T1_17 T1_16) d S
(bvadd bv[4294967266:32] (concat bv[0:16] T1_17 T1_16)) u S
(concat (extract[1:0] T1_17) T1_16) u S
(extract[31:10] (bvadd bv[4294967266:32] (concat bv[0:16] T1_17 T1_16))) u S
(bvadd bv[994:10] (concat (extract[1:0] T1_17) T1_16)) u S
(= (concat bv[0:16] T1_17 T1_16) (bvadd bv[30:32] (concat T1_49 T1_48 T1_47 T1_46))) u S
(bvadd bv[4294967228:32] (concat bv[0:16] T1_17 T1_16) (bvmul bv[4294967295:32] (concat T1_49 T1_48 T1_47 T1_46))) u S
(bvule (concat T1_49 T1_48 T1_47 T1_46) (bvadd bv[4294967266:32] (concat bv[0:16] T1_17 T1_16))) u S
(bvule (bvadd bv[166:32] (concat T1_49 T1_48 T1_47 T1_46)) (bvadd bv[4294967266:32] (concat bv[0:16] T1_17 T1_16))) u S
(bvule (bvadd bv[24:32] (concat T1_49 T1_48 T1_47 T1_46)) (bvadd bv[4294967266:32] (concat bv[0:16] T1_17 T1_16))) u S
(bvule (bvadd bv[62:32] (concat T1_49 T1_48 T1_47 T1_46)) (bvadd bv[4294967266:32] (concat bv[0:16] T1_17 T1_16))) u S
(= (concat bv[0:16] T1_17 T1_16) (bvadd bv[68:32] (concat T1_49 T1_48 T1_47 T1_46))) u S
(bvadd bv[4294967124:32] (concat bv[0:16] T1_17 T1_16) (bvmul bv[4294967295:32] (concat T1_49 T1_48 T1_47 T1_46))) u S
(= (concat bv[0:16] T1_17 T1_16) (bvadd bv[172:32] (concat T1_49 T1_48 T1_47 T1_46))) u S
(bvadd bv[4294967266:32] (concat bv[0:16] T1_17 T1_16) (bvmul bv[4294967295:32] (concat T1_49 T1_48 T1_47 T1_46))) u F
(bvule (bvadd bv[994:10] (concat #1035 T1_16)) bv[955:10]) u S
(bvule bv[26:32] (bvadd bv[4294967266:32] (concat bv[0:16] T1_17 T1_16) (bvmul bv[4294967295:32] #378))) u S
(bvule bv[104:32] (bvadd bv[4294967228:32] (concat bv[0:16] T1_17 T1_16) (bvmul bv[4294967295:32] #378))) u S
(bvule bv[46:32] (bvadd bv[4294967124:32] (concat bv[0:16] T1_17 T1_16) (bvmul bv[4294967295:32] #378))) u S
(= (extract[31:10] (bvadd bv[4294967266:32] #689)) bv[0:22]) u S
(extract[31:10] (bvadd bv[4294967266:32] (concat bv[0:16] T1_17 T1_16))) d S
(bvadd bv[4294967266:32] (concat bv[0:16] T1_17 T1_16) (bvmul bv[4294967295:32] (concat T1_49 T1_48 T1_47 T1_46))) d S
(bvadd bv[994:10] (concat (extract[1:0] T1_17) T1_16)) d S
(bvadd bv[4294967228:32] (concat bv[0:16] T1_17 T1_16) (bvmul bv[4294967295:32] (concat T1_49 T1_48 T1_47 T1_46))) d S
(bvadd bv[4294967124:32] (concat bv[0:16] T1_17 T1_16) (bvmul bv[4294967295:32] (concat T1_49 T1_48 T1_47 T1_46))) d S
(bvmul bv[4294967295:32] (concat T1_49 T1_48 T1_47 T1_46)) d S
(concat (extract[1:0] T1_17) T1_16) d S
(bvadd bv[4294967266:32] (concat bv[0:16] T1_17 T1_16)) d S
(concat T1_49 T1_48 T1_47 T1_46) d S
(concat bv[0:16] T1_17 T1_16) d S
(bvadd bv[4294967266:32] (concat bv[0:16] T1_17 T1_16)) u S
(bvmul bv[4294967295:32] (concat T1_49 T1_48 T1_47 T1_46)) u S
(bvadd bv[68:32] (concat T1_49 T1_48 T1_47 T1_46)) u S
(bvadd bv[172:32] (concat T1_49 T1_48 T1_47 T1_46)) u S
(bvadd bv[30:32] (concat T1_49 T1_48 T1_47 T1_46)) u S
(bvadd bv[4294967262:32] (concat T1_49 T1_48 T1_47 T1_46)) u S
(bvadd bv[166:32] (concat T1_49 T1_48 T1_47 T1_46)) u S
(bvadd bv[62:32] (concat T1_49 T1_48 T1_47 T1_46)) u S
(bvadd bv[24:32] (concat T1_49 T1_48 T1_47 T1_46)) u S
(bvadd bv[4294967266:32] (concat bv[0:16] T1_17 T1_16) (bvmul bv[4294967295:32] (concat T1_49 T1_48 T1_47 T1_46))) u S
(= (concat bv[0:16] T1_17 T1_16) (bvadd bv[172:32] (concat T1_49 T1_48 T1_47 T1_46))) u S
(bvule (bvadd bv[166:32] (concat T1_49 T1_48 T1_47 T1_46)) (bvadd bv[4294967266:32] (concat bv[0:16] T1_17 T1_16))) u S
(bvule (bvadd bv[24:32] (concat T1_49 T1_48 T1_47 T1_46)) (bvadd bv[4294967266:32] (concat bv[0:16] T1_17 T1_16))) u S
(= (concat bv[0:16] T1_17 T1_16) (bvadd bv[68:32] (concat T1_49 T1_48 T1_47 T1_46))) u S
(bvadd bv[4294967228:32] (concat bv[0:16] T1_17 T1_16) (bvmul bv[4294967295:32] (concat T1_49 T1_48 T1_47 T1_46))) u S
(extract[31:10] (bvadd bv[4294967266:32] (concat bv[0:16] T1_17 T1_16))) u S
(= (concat bv[0:16] T1_17 T1_16) (bvadd bv[30:32] (concat T1_49 T1_48 T1_47 T1_46))) u S
(bvule (bvadd bv[62:32] (concat T1_49 T1_48 T1_47 T1_46)) (bvadd bv[4294967266:32] (concat bv[0:16] T1_17 T1_16))) u S
(= (bvadd (concat bv[0:16] T1_55 T1_54) (concat bv[0:16] T1_57 T1_56) (concat bv[0:16] T1_59 T1_58) (concat bv[0:16] T1_61 T1_60) (concat bv[0:16] T1_63 T1_62)) (bvadd bv[4294967262:32] (concat T1_49 T1_48 T1_47 T1_46))) u S
(bvule (concat T1_49 T1_48 T1_47 T1_46) (bvadd bv[4294967266:32] (concat bv[0:16] T1_17 T1_16))) u S
(bvadd bv[4294967124:32] (concat bv[0:16] T1_17 T1_16) (bvmul bv[4294967295:32] (concat T1_49 T1_48 T1_47 T1_46))) u S
(bvule bv[26:32] (bvadd bv[4294967266:32] (concat bv[0:16] T1_17 T1_16) (bvmul bv[4294967295:32] #378))) u S
(bvule bv[46:32] (bvadd bv[4294967124:32] (concat bv[0:16] T1_17 T1_16) (bvmul bv[4294967295:32] #378))) u S
(bvule bv[104:32] (bvadd bv[4294967228:32] (concat bv[0:16] T1_17 T1_16) (bvmul bv[4294967295:32] #378))) u S
(= (extract[31:10] (bvadd bv[4294967266:32] #689)) bv[0:22]) u S
(bvadd bv[4294967266:32] (concat bv[0:16] T1_17 T1_16) (bvmul bv[4294967295:32] (concat T1_49 T1_48 T1_47 T1_46))) d S
(bvadd bv[4294967228:32] (concat bv[0:16] T1_17 T1_16) (bvmul bv[4294967295:32] (concat T1_49 T1_48 T1_47 T1_46))) d S
(extract[31:10] (bvadd bv[4294967266:32] (concat bv[0:16] T1_17 T1_16))) d S
(bvadd bv[4294967124:32] (concat bv[0:16] T1_17 T1_16) (bvmul bv[4294967295:32] (concat T1_49 T1_48 T1_47 T1_46))) d S
(bvadd bv[30:32] (concat T1_49 T1_48 T1_47 T1_46)) d S
(bvadd bv[24:32] (concat T1_49 T1_48 T1_47 T1_46)) d S
(bvadd bv[62:32] (concat T1_49 T1_48 T1_47 T1_46)) d S
(bvadd bv[166:32] (concat T1_49 T1_48 T1_47 T1_46)) d S
(bvadd bv[4294967262:32] (concat T1_49 T1_48 T1_47 T1_46)) d S
(bvadd bv[4294967266:32] (concat bv[0:16] T1_17 T1_16)) d S
(bvadd bv[172:32] (concat T1_49 T1_48 T1_47 T1_46)) d S
(bvmul bv[4294967295:32] (concat T1_49 T1_48 T1_47 T1_46)) d S
(bvadd bv[68:32] (concat T1_49 T1_48 T1_47 T1_46)) d S
try-repair-ule 1 b4 ev: b4 0 ev: 0 fix:fffffc00 [0, 400[
(bvule (bvadd bv[62:32] (concat T1_49 T1_48 T1_47 T1_46)) (bvadd bv[4294967266:32] (concat bv[0:16] T1_17 T1_16))) d S
try-repair-ule 1 11c ev: 11c 0 ev: 0 fix:fffffc00 [0, 400[
(bvule (bvadd bv[166:32] (concat T1_49 T1_48 T1_47 T1_46)) (bvadd bv[4294967266:32] (concat bv[0:16] T1_17 T1_16))) d S
try-repair-uge 1 0 ev: 0 fix:fffffc00 [0, 400[ 76 ev: 76
(bvule (concat T1_49 T1_48 T1_47 T1_46) (bvadd bv[4294967266:32] (concat bv[0:16] T1_17 T1_16))) d S
(bvule (bvadd bv[24:32] (concat T1_49 T1_48 T1_47 T1_46)) (bvadd bv[4294967266:32] (concat bv[0:16] T1_17 T1_16))) d S
(bvadd bv[4294967266:32] (concat bv[0:16] T1_17 T1_16)) d S
(bvadd bv[166:32] (concat T1_49 T1_48 T1_47 T1_46)) d S
(bvadd bv[62:32] (concat T1_49 T1_48 T1_47 T1_46)) d S
(concat T1_49 T1_48 T1_47 T1_46) d S
bv[62:32] d S
bv[4294967266:32] d S
(bvadd bv[4294967266:32] (concat bv[0:16] T1_17 T1_16)) u S
(bvmul bv[4294967295:32] (concat T1_49 T1_48 T1_47 T1_46)) u S
(bvadd bv[172:32] (concat T1_49 T1_48 T1_47 T1_46)) u S
(bvadd bv[68:32] (concat T1_49 T1_48 T1_47 T1_46)) u S
(bvadd bv[30:32] (concat T1_49 T1_48 T1_47 T1_46)) u S
(bvadd bv[4294967262:32] (concat T1_49 T1_48 T1_47 T1_46)) u S
(bvadd bv[166:32] (concat T1_49 T1_48 T1_47 T1_46)) u S
(bvadd bv[62:32] (concat T1_49 T1_48 T1_47 T1_46)) u S
(bvadd bv[24:32] (concat T1_49 T1_48 T1_47 T1_46)) u S
(bvule (bvadd bv[24:32] (concat T1_49 T1_48 T1_47 T1_46)) (bvadd bv[4294967266:32] (concat bv[0:16] T1_17 T1_16))) u S
(bvule (bvadd bv[62:32] (concat T1_49 T1_48 T1_47 T1_46)) (bvadd bv[4294967266:32] (concat bv[0:16] T1_17 T1_16))) u S
(bvadd bv[4294967266:32] (concat bv[0:16] T1_17 T1_16) (bvmul bv[4294967295:32] (concat T1_49 T1_48 T1_47 T1_46))) u S
(= (concat bv[0:16] T1_17 T1_16) (bvadd bv[68:32] (concat T1_49 T1_48 T1_47 T1_46))) u S
(bvule (concat T1_49 T1_48 T1_47 T1_46) (bvadd bv[4294967266:32] (concat bv[0:16] T1_17 T1_16))) u S
(extract[31:10] (bvadd bv[4294967266:32] (concat bv[0:16] T1_17 T1_16))) u S
(bvadd bv[4294967124:32] (concat bv[0:16] T1_17 T1_16) (bvmul bv[4294967295:32] (concat T1_49 T1_48 T1_47 T1_46))) u F
(bvule (bvadd bv[166:32] (concat T1_49 T1_48 T1_47 T1_46)) (bvadd bv[4294967266:32] (concat bv[0:16] T1_17 T1_16))) u S
(= (concat bv[0:16] T1_17 T1_16) (bvadd bv[172:32] (concat T1_49 T1_48 T1_47 T1_46))) u S
(bvadd bv[4294967228:32] (concat bv[0:16] T1_17 T1_16) (bvmul bv[4294967295:32] (concat T1_49 T1_48 T1_47 T1_46))) u S
(= (bvadd (concat bv[0:16] T1_55 T1_54) (concat bv[0:16] T1_57 T1_56) (concat bv[0:16] T1_59 T1_58) (concat bv[0:16] T1_61 T1_60) (concat bv[0:16] T1_63 T1_62)) (bvadd bv[4294967262:32] (concat T1_49 T1_48 T1_47 T1_46))) u S
(= (concat bv[0:16] T1_17 T1_16) (bvadd bv[30:32] (concat T1_49 T1_48 T1_47 T1_46))) u S
(= (concat T1_49 T1_48 T1_47 T1_46) (concat (concat #927 T1_47) T1_46)) u S
(= (extract[31:10] (bvadd bv[4294967266:32] #689)) bv[0:22]) u S
(bvule bv[26:32] (bvadd bv[4294967266:32] (concat bv[0:16] T1_17 T1_16) (bvmul bv[4294967295:32] #378))) u S
(bvule bv[104:32] (bvadd bv[4294967228:32] (concat bv[0:16] T1_17 T1_16) (bvmul bv[4294967295:32] #378))) u S
(bvule bv[46:32] (bvadd bv[4294967124:32] (concat bv[0:16] T1_17 T1_16) (bvmul bv[4294967295:32] #378))) u S
(bvadd bv[4294967266:32] (concat bv[0:16] T1_17 T1_16) (bvmul bv[4294967295:32] (concat T1_49 T1_48 T1_47 T1_46))) d S
(extract[31:10] (bvadd bv[4294967266:32] (concat bv[0:16] T1_17 T1_16))) d S
(bvadd bv[4294967124:32] (concat bv[0:16] T1_17 T1_16) (bvmul bv[4294967295:32] (concat T1_49 T1_48 T1_47 T1_46))) d S
(bvadd bv[4294967228:32] (concat bv[0:16] T1_17 T1_16) (bvmul bv[4294967295:32] (concat T1_49 T1_48 T1_47 T1_46))) d S
(bvadd bv[172:32] (concat T1_49 T1_48 T1_47 T1_46)) d S
(bvadd bv[30:32] (concat T1_49 T1_48 T1_47 T1_46)) d S
(bvadd bv[24:32] (concat T1_49 T1_48 T1_47 T1_46)) d S
(bvadd bv[68:32] (concat T1_49 T1_48 T1_47 T1_46)) d S
(bvadd bv[166:32] (concat T1_49 T1_48 T1_47 T1_46)) d S
(bvadd bv[4294967262:32] (concat T1_49 T1_48 T1_47 T1_46)) d S
(bvadd bv[4294967266:32] (concat bv[0:16] T1_17 T1_16)) d S
(bvadd bv[62:32] (concat T1_49 T1_48 T1_47 T1_46)) d S
(bvmul bv[4294967295:32] (concat T1_49 T1_48 T1_47 T1_46)) d S
(concat bv[0:16] T1_17 T1_16) d S
(concat T1_49 T1_48 T1_47 T1_46) d S
(bvadd bv[4294967266:32] (concat bv[0:16] T1_17 T1_16)) u S
(bvmul bv[4294967295:32] (concat T1_49 T1_48 T1_47 T1_46)) u S
(bvadd bv[172:32] (concat T1_49 T1_48 T1_47 T1_46)) u S
(bvadd bv[68:32] (concat T1_49 T1_48 T1_47 T1_46)) u S
(bvadd bv[30:32] (concat T1_49 T1_48 T1_47 T1_46)) u S
(bvadd bv[4294967262:32] (concat T1_49 T1_48 T1_47 T1_46)) u S
(bvadd bv[166:32] (concat T1_49 T1_48 T1_47 T1_46)) u S
(bvadd bv[62:32] (concat T1_49 T1_48 T1_47 T1_46)) u S
(bvadd bv[24:32] (concat T1_49 T1_48 T1_47 T1_46)) u S
(= (concat bv[0:16] T1_17 T1_16) (concat (concat bv[0:16] T1_17) T1_16)) u S
(bvadd bv[4294967124:32] (concat bv[0:16] T1_17 T1_16) (bvmul bv[4294967295:32] (concat T1_49 T1_48 T1_47 T1_46))) u S
(bvadd bv[4294967266:32] (concat bv[0:16] T1_17 T1_16) (bvmul bv[4294967295:32] (concat T1_49 T1_48 T1_47 T1_46))) u S
(bvule (bvadd bv[62:32] (concat T1_49 T1_48 T1_47 T1_46)) (bvadd bv[4294967266:32] (concat bv[0:16] T1_17 T1_16))) u S
(bvadd bv[4294967228:32] (concat bv[0:16] T1_17 T1_16) (bvmul bv[4294967295:32] (concat T1_49 T1_48 T1_47 T1_46))) u S
(bvule (concat T1_49 T1_48 T1_47 T1_46) (bvadd bv[4294967266:32] (concat bv[0:16] T1_17 T1_16))) u S
(= (concat bv[0:16] T1_17 T1_16) (bvadd bv[30:32] (concat T1_49 T1_48 T1_47 T1_46))) u S
(extract[31:10] (bvadd bv[4294967266:32] (concat bv[0:16] T1_17 T1_16))) u S
(bvule (bvadd bv[24:32] (concat T1_49 T1_48 T1_47 T1_46)) (bvadd bv[4294967266:32] (concat bv[0:16] T1_17 T1_16))) u S
(= (concat bv[0:16] T1_17 T1_16) (bvadd bv[68:32] (concat T1_49 T1_48 T1_47 T1_46))) u S
(bvule (bvadd bv[166:32] (concat T1_49 T1_48 T1_47 T1_46)) (bvadd bv[4294967266:32] (concat bv[0:16] T1_17 T1_16))) u S
(= (concat bv[0:16] T1_17 T1_16) (bvadd bv[172:32] (concat T1_49 T1_48 T1_47 T1_46))) u S
(= (bvadd (concat bv[0:16] T1_55 T1_54) (concat bv[0:16] T1_57 T1_56) (concat bv[0:16] T1_59 T1_58) (concat bv[0:16] T1_61 T1_60) (concat bv[0:16] T1_63 T1_62)) (bvadd bv[4294967262:32] (concat T1_49 T1_48 T1_47 T1_46))) u S
(bvule bv[26:32] (bvadd bv[4294967266:32] (concat bv[0:16] T1_17 T1_16) (bvmul bv[4294967295:32] #378))) u S
(bvule bv[104:32] (bvadd bv[4294967228:32] (concat bv[0:16] T1_17 T1_16) (bvmul bv[4294967295:32] #378))) u S
(= (concat T1_49 T1_48 T1_47 T1_46) (concat (concat #927 T1_47) T1_46)) u S
(bvule bv[46:32] (bvadd bv[4294967124:32] (concat bv[0:16] T1_17 T1_16) (bvmul bv[4294967295:32] #378))) u S
(= (extract[31:10] (bvadd bv[4294967266:32] #689)) bv[0:22]) u S
(bvadd bv[4294967124:32] (concat bv[0:16] T1_17 T1_16) (bvmul bv[4294967295:32] (concat T1_49 T1_48 T1_47 T1_46))) d S
(bvadd bv[4294967266:32] (concat bv[0:16] T1_17 T1_16) (bvmul bv[4294967295:32] (concat T1_49 T1_48 T1_47 T1_46))) d S
(bvadd bv[4294967228:32] (concat bv[0:16] T1_17 T1_16) (bvmul bv[4294967295:32] (concat T1_49 T1_48 T1_47 T1_46))) d S
(extract[31:10] (bvadd bv[4294967266:32] (concat bv[0:16] T1_17 T1_16))) d S
(bvadd bv[30:32] (concat T1_49 T1_48 T1_47 T1_46)) d S
(bvadd bv[24:32] (concat T1_49 T1_48 T1_47 T1_46)) d S
(bvadd bv[62:32] (concat T1_49 T1_48 T1_47 T1_46)) d S
(bvadd bv[166:32] (concat T1_49 T1_48 T1_47 T1_46)) d S
(bvadd bv[4294967262:32] (concat T1_49 T1_48 T1_47 T1_46)) d S
(bvadd bv[4294967266:32] (concat bv[0:16] T1_17 T1_16)) d S
(bvadd bv[68:32] (concat T1_49 T1_48 T1_47 T1_46)) d S
(bvmul bv[4294967295:32] (concat T1_49 T1_48 T1_47 T1_46)) d S
(bvadd bv[172:32] (concat T1_49 T1_48 T1_47 T1_46)) d S
try-repair-ule 1 ed ev: ed 0 ev: 0 fix:fffffc00 [0, 400[
(bvule (concat T1_49 T1_48 T1_47 T1_46) (bvadd bv[4294967266:32] (concat bv[0:16] T1_17 T1_16))) d S
try-repair-ule 1 105 ev: 105 0 ev: 0 fix:fffffc00 [0, 400[
(bvule (bvadd bv[24:32] (concat T1_49 T1_48 T1_47 T1_46)) (bvadd bv[4294967266:32] (concat bv[0:16] T1_17 T1_16))) d S
try-repair-uge 1 0 ev: 0 fix:fffffc00 [0, 400[ 12b ev: 12b
(bvule (bvadd bv[62:32] (concat T1_49 T1_48 T1_47 T1_46)) (bvadd bv[4294967266:32] (concat bv[0:16] T1_17 T1_16))) d S
(bvule (bvadd bv[166:32] (concat T1_49 T1_48 T1_47 T1_46)) (bvadd bv[4294967266:32] (concat bv[0:16] T1_17 T1_16))) d S
(bvadd bv[4294967266:32] (concat bv[0:16] T1_17 T1_16)) d S
(bvadd bv[24:32] (concat T1_49 T1_48 T1_47 T1_46)) d S
(concat bv[0:16] T1_17 T1_16) d S
(concat T1_49 T1_48 T1_47 T1_46) d S
(bvmul bv[4294967295:32] (concat T1_49 T1_48 T1_47 T1_46)) u S
(bvadd bv[68:32] (concat T1_49 T1_48 T1_47 T1_46)) u S
(bvadd bv[4294967262:32] (concat T1_49 T1_48 T1_47 T1_46)) u S
(bvadd bv[172:32] (concat T1_49 T1_48 T1_47 T1_46)) u S
(bvadd bv[4294967266:32] (concat bv[0:16] T1_17 T1_16)) u S
(bvadd bv[166:32] (concat T1_49 T1_48 T1_47 T1_46)) u S
(bvadd bv[30:32] (concat T1_49 T1_48 T1_47 T1_46)) u S
(bvadd bv[62:32] (concat T1_49 T1_48 T1_47 T1_46)) u S
(bvadd bv[24:32] (concat T1_49 T1_48 T1_47 T1_46)) u S
(bvadd bv[4294967228:32] (concat bv[0:16] T1_17 T1_16) (bvmul bv[4294967295:32] (concat T1_49 T1_48 T1_47 T1_46))) u S
(extract[31:10] (bvadd bv[4294967266:32] (concat bv[0:16] T1_17 T1_16))) u S
(= (concat bv[0:16] T1_17 T1_16) (concat (concat bv[0:16] T1_17) T1_16)) u S
(bvule (concat T1_49 T1_48 T1_47 T1_46) (bvadd bv[4294967266:32] (concat bv[0:16] T1_17 T1_16))) u S
(bvule (bvadd bv[62:32] (concat T1_49 T1_48 T1_47 T1_46)) (bvadd bv[4294967266:32] (concat bv[0:16] T1_17 T1_16))) u S
(= (concat bv[0:16] T1_17 T1_16) (bvadd bv[68:32] (concat T1_49 T1_48 T1_47 T1_46))) u S
(bvule (bvadd bv[24:32] (concat T1_49 T1_48 T1_47 T1_46)) (bvadd bv[4294967266:32] (concat bv[0:16] T1_17 T1_16))) u S
(= (concat bv[0:16] T1_17 T1_16) (bvadd bv[172:32] (concat T1_49 T1_48 T1_47 T1_46))) u S
(bvadd bv[4294967124:32] (concat bv[0:16] T1_17 T1_16) (bvmul bv[4294967295:32] (concat T1_49 T1_48 T1_47 T1_46))) u S
(= (bvadd (concat bv[0:16] T1_55 T1_54) (concat bv[0:16] T1_57 T1_56) (concat bv[0:16] T1_59 T1_58) (concat bv[0:16] T1_61 T1_60) (concat bv[0:16] T1_63 T1_62)) (bvadd bv[4294967262:32] (concat T1_49 T1_48 T1_47 T1_46))) u S
(= (concat bv[0:16] T1_17 T1_16) (bvadd bv[30:32] (concat T1_49 T1_48 T1_47 T1_46))) u S
(bvadd bv[4294967266:32] (concat bv[0:16] T1_17 T1_16) (bvmul bv[4294967295:32] (concat T1_49 T1_48 T1_47 T1_46))) u S
(bvule (bvadd bv[166:32] (concat T1_49 T1_48 T1_47 T1_46)) (bvadd bv[4294967266:32] (concat bv[0:16] T1_17 T1_16))) u S
(bvule bv[26:32] (bvadd bv[4294967266:32] (concat bv[0:16] T1_17 T1_16) (bvmul bv[4294967295:32] #378))) u S
(= (extract[31:10] (bvadd bv[4294967266:32] #689)) bv[0:22]) u S
(= (concat T1_49 T1_48 T1_47 T1_46) (concat (concat #927 T1_47) T1_46)) u S
(bvule bv[46:32] (bvadd bv[4294967124:32] (concat bv[0:16] T1_17 T1_16) (bvmul bv[4294967295:32] #378))) u S
(bvule bv[104:32] (bvadd bv[4294967228:32] (concat bv[0:16] T1_17 T1_16) (bvmul bv[4294967295:32] #378))) u S
(bvadd bv[4294967228:32] (concat bv[0:16] T1_17 T1_16) (bvmul bv[4294967295:32] (concat T1_49 T1_48 T1_47 T1_46))) d S
(extract[31:10] (bvadd bv[4294967266:32] (concat bv[0:16] T1_17 T1_16))) d S
(bvadd bv[4294967124:32] (concat bv[0:16] T1_17 T1_16) (bvmul bv[4294967295:32] (concat T1_49 T1_48 T1_47 T1_46))) d S
(bvadd bv[4294967266:32] (concat bv[0:16] T1_17 T1_16) (bvmul bv[4294967295:32] (concat T1_49 T1_48 T1_47 T1_46))) d S
(bvadd bv[4294967266:32] (concat bv[0:16] T1_17 T1_16)) d S
(bvadd bv[24:32] (concat T1_49 T1_48 T1_47 T1_46)) d S
(bvadd bv[62:32] (concat T1_49 T1_48 T1_47 T1_46)) d S
(bvadd bv[30:32] (concat T1_49 T1_48 T1_47 T1_46)) d S
(bvadd bv[166:32] (concat T1_49 T1_48 T1_47 T1_46)) d S
(bvmul bv[4294967295:32] (concat T1_49 T1_48 T1_47 T1_46)) d S
(bvadd bv[172:32] (concat T1_49 T1_48 T1_47 T1_46)) d S
(bvadd bv[68:32] (concat T1_49 T1_48 T1_47 T1_46)) d S
(bvadd bv[4294967262:32] (concat T1_49 T1_48 T1_47 T1_46)) d S
try-repair-ule 1 ffffffe8 ev: ffffffe8 3ff ev: 3ff fix:fffffc00 [0, 400[
(bvule (concat T1_49 T1_48 T1_47 T1_46) (bvadd bv[4294967266:32] (concat bv[0:16] T1_17 T1_16))) d S
(concat T1_49 T1_48 T1_47 T1_46) d S
(bvmul bv[4294967295:32] (concat T1_49 T1_48 T1_47 T1_46)) u S
(bvadd bv[68:32] (concat T1_49 T1_48 T1_47 T1_46)) u S
(bvadd bv[4294967262:32] (concat T1_49 T1_48 T1_47 T1_46)) u S
(bvadd bv[172:32] (concat T1_49 T1_48 T1_47 T1_46)) u S
(bvadd bv[166:32] (concat T1_49 T1_48 T1_47 T1_46)) u S
(bvadd bv[30:32] (concat T1_49 T1_48 T1_47 T1_46)) u S
(bvadd bv[62:32] (concat T1_49 T1_48 T1_47 T1_46)) u S
(bvadd bv[24:32] (concat T1_49 T1_48 T1_47 T1_46)) u S
(bvule (bvadd bv[62:32] (concat T1_49 T1_48 T1_47 T1_46)) (bvadd bv[4294967266:32] (concat bv[0:16] T1_17 T1_16))) u S
(bvule (bvadd bv[24:32] (concat T1_49 T1_48 T1_47 T1_46)) (bvadd bv[4294967266:32] (concat bv[0:16] T1_17 T1_16))) u S
(bvadd bv[4294967266:32] (concat bv[0:16] T1_17 T1_16) (bvmul bv[4294967295:32] (concat T1_49 T1_48 T1_47 T1_46))) u S
(bvadd bv[4294967228:32] (concat bv[0:16] T1_17 T1_16) (bvmul bv[4294967295:32] (concat T1_49 T1_48 T1_47 T1_46))) u F
(= (bvadd (concat bv[0:16] T1_55 T1_54) (concat bv[0:16] T1_57 T1_56) (concat bv[0:16] T1_59 T1_58) (concat bv[0:16] T1_61 T1_60) (concat bv[0:16] T1_63 T1_62)) (bvadd bv[4294967262:32] (concat T1_49 T1_48 T1_47 T1_46))) u S
(bvadd bv[4294967124:32] (concat bv[0:16] T1_17 T1_16) (bvmul bv[4294967295:32] (concat T1_49 T1_48 T1_47 T1_46))) u S
(bvule (concat T1_49 T1_48 T1_47 T1_46) (bvadd bv[4294967266:32] (concat bv[0:16] T1_17 T1_16))) u S
(= (concat bv[0:16] T1_17 T1_16) (bvadd bv[68:32] (concat T1_49 T1_48 T1_47 T1_46))) u S
(= (concat bv[0:16] T1_17 T1_16) (bvadd bv[30:32] (concat T1_49 T1_48 T1_47 T1_46))) u S
(bvule (bvadd bv[166:32] (concat T1_49 T1_48 T1_47 T1_46)) (bvadd bv[4294967266:32] (concat bv[0:16] T1_17 T1_16))) u S
(= (concat bv[0:16] T1_17 T1_16) (bvadd bv[172:32] (concat T1_49 T1_48 T1_47 T1_46))) u S
(= (concat T1_49 T1_48 T1_47 T1_46) (concat (concat #927 T1_47) T1_46)) u S
(bvule bv[104:32] (bvadd bv[4294967228:32] (concat bv[0:16] T1_17 T1_16) (bvmul bv[4294967295:32] #378))) u S
(bvule bv[26:32] (bvadd bv[4294967266:32] (concat bv[0:16] T1_17 T1_16) (bvmul bv[4294967295:32] #378))) u S
(bvule bv[46:32] (bvadd bv[4294967124:32] (concat bv[0:16] T1_17 T1_16) (bvmul bv[4294967295:32] #378))) u S
(bvadd bv[4294967266:32] (concat bv[0:16] T1_17 T1_16) (bvmul bv[4294967295:32] (concat T1_49 T1_48 T1_47 T1_46))) d S
(bvadd bv[4294967228:32] (concat bv[0:16] T1_17 T1_16) (bvmul bv[4294967295:32] (concat T1_49 T1_48 T1_47 T1_46))) d S
(bvadd bv[4294967124:32] (concat bv[0:16] T1_17 T1_16) (bvmul bv[4294967295:32] (concat T1_49 T1_48 T1_47 T1_46))) d S
(bvadd bv[166:32] (concat T1_49 T1_48 T1_47 T1_46)) d S
(bvadd bv[68:32] (concat T1_49 T1_48 T1_47 T1_46)) d S
(bvadd bv[24:32] (concat T1_49 T1_48 T1_47 T1_46)) d S
(bvadd bv[172:32] (concat T1_49 T1_48 T1_47 T1_46)) d S
(bvadd bv[62:32] (concat T1_49 T1_48 T1_47 T1_46)) d S
(bvadd bv[30:32] (concat T1_49 T1_48 T1_47 T1_46)) d S
(bvmul bv[4294967295:32] (concat T1_49 T1_48 T1_47 T1_46)) d S
(bvadd bv[4294967262:32] (concat T1_49 T1_48 T1_47 T1_46)) d S
(concat bv[0:16] T1_17 T1_16) d S
bv[4294967124:32] d S
(bvadd bv[4294967266:32] (concat bv[0:16] T1_17 T1_16)) u S
(= (concat bv[0:16] T1_17 T1_16) (concat (concat bv[0:16] T1_17) T1_16)) u S
(extract[31:10] (bvadd bv[4294967266:32] (concat bv[0:16] T1_17 T1_16))) u S
(bvule (concat T1_49 T1_48 T1_47 T1_46) (bvadd bv[4294967266:32] (concat bv[0:16] T1_17 T1_16))) u S
(bvadd bv[4294967228:32] (concat bv[0:16] T1_17 T1_16) (bvmul bv[4294967295:32] (concat T1_49 T1_48 T1_47 T1_46))) u S
(bvule (bvadd bv[24:32] (concat T1_49 T1_48 T1_47 T1_46)) (bvadd bv[4294967266:32] (concat bv[0:16] T1_17 T1_16))) u S
(= (concat bv[0:16] T1_17 T1_16) (bvadd bv[30:32] (concat T1_49 T1_48 T1_47 T1_46))) u S
(bvule (bvadd bv[166:32] (concat T1_49 T1_48 T1_47 T1_46)) (bvadd bv[4294967266:32] (concat bv[0:16] T1_17 T1_16))) u S
(bvule (bvadd bv[62:32] (concat T1_49 T1_48 T1_47 T1_46)) (bvadd bv[4294967266:32] (concat bv[0:16] T1_17 T1_16))) u S
(bvadd bv[4294967124:32] (concat bv[0:16] T1_17 T1_16) (bvmul bv[4294967295:32] (concat T1_49 T1_48 T1_47 T1_46))) u S
(= (concat bv[0:16] T1_17 T1_16) (bvadd bv[172:32] (concat T1_49 T1_48 T1_47 T1_46))) u S
(= (concat bv[0:16] T1_17 T1_16) (bvadd bv[68:32] (concat T1_49 T1_48 T1_47 T1_46))) u S
(bvadd bv[4294967266:32] (concat bv[0:16] T1_17 T1_16) (bvmul bv[4294967295:32] (concat T1_49 T1_48 T1_47 T1_46))) u S
(bvule bv[104:32] (bvadd bv[4294967228:32] (concat bv[0:16] T1_17 T1_16) (bvmul bv[4294967295:32] #378))) u S
(bvule bv[26:32] (bvadd bv[4294967266:32] (concat bv[0:16] T1_17 T1_16) (bvmul bv[4294967295:32] #378))) u S
(= (extract[31:10] (bvadd bv[4294967266:32] #689)) bv[0:22]) u S
(bvule bv[46:32] (bvadd bv[4294967124:32] (concat bv[0:16] T1_17 T1_16) (bvmul bv[4294967295:32] #378))) u S
(extract[31:10] (bvadd bv[4294967266:32] (concat bv[0:16] T1_17 T1_16))) d S
(bvadd bv[4294967266:32] (concat bv[0:16] T1_17 T1_16) (bvmul bv[4294967295:32] (concat T1_49 T1_48 T1_47 T1_46))) d S
(bvadd bv[4294967124:32] (concat bv[0:16] T1_17 T1_16) (bvmul bv[4294967295:32] (concat T1_49 T1_48 T1_47 T1_46))) d S
(bvadd bv[4294967228:32] (concat bv[0:16] T1_17 T1_16) (bvmul bv[4294967295:32] (concat T1_49 T1_48 T1_47 T1_46))) d S
(bvadd bv[4294967266:32] (concat bv[0:16] T1_17 T1_16)) d S
try-repair-ule 1 3c5 ev: 3c5 248 ev: 248 fix:fffffc00 [0, 400[
(bvule (bvadd bv[62:32] (concat T1_49 T1_48 T1_47 T1_46)) (bvadd bv[4294967266:32] (concat bv[0:16] T1_17 T1_16))) d S
try-repair-ule 1 387 ev: 387 248 ev: 248 fix:fffffc00 [0, 400[
(bvule (concat T1_49 T1_48 T1_47 T1_46) (bvadd bv[4294967266:32] (concat bv[0:16] T1_17 T1_16))) d S
try-repair-ule 1 42d ev: 42d 248 ev: 248 fix:fffffc00 [0, 400[
(bvule (bvadd bv[166:32] (concat T1_49 T1_48 T1_47 T1_46)) (bvadd bv[4294967266:32] (concat bv[0:16] T1_17 T1_16))) d S
try-repair-ule 1 39f ev: 39f 248 ev: 248 fix:fffffc00 [0, 400[
(bvule (bvadd bv[24:32] (concat T1_49 T1_48 T1_47 T1_46)) (bvadd bv[4294967266:32] (concat bv[0:16] T1_17 T1_16))) d S
(bvadd bv[166:32] (concat T1_49 T1_48 T1_47 T1_46)) d S
(bvadd bv[24:32] (concat T1_49 T1_48 T1_47 T1_46)) d S
(bvadd bv[62:32] (concat T1_49 T1_48 T1_47 T1_46)) d S
(concat T1_49 T1_48 T1_47 T1_46) d S
bv[62:32] d S
bv[166:32] d S
(bvmul bv[4294967295:32] (concat T1_49 T1_48 T1_47 T1_46)) u S
(bvadd bv[30:32] (concat T1_49 T1_48 T1_47 T1_46)) u S
(bvadd bv[24:32] (concat T1_49 T1_48 T1_47 T1_46)) u S
(bvadd bv[4294967262:32] (concat T1_49 T1_48 T1_47 T1_46)) u S
(bvadd bv[172:32] (concat T1_49 T1_48 T1_47 T1_46)) u S
(bvadd bv[68:32] (concat T1_49 T1_48 T1_47 T1_46)) u S
(bvadd bv[166:32] (concat T1_49 T1_48 T1_47 T1_46)) u S
(bvadd bv[62:32] (concat T1_49 T1_48 T1_47 T1_46)) u S
(bvadd bv[4294967228:32] (concat bv[0:16] T1_17 T1_16) (bvmul bv[4294967295:32] (concat T1_49 T1_48 T1_47 T1_46))) u F
(bvule (bvadd bv[166:32] (concat T1_49 T1_48 T1_47 T1_46)) (bvadd bv[4294967266:32] (concat bv[0:16] T1_17 T1_16))) u S
(bvadd bv[4294967266:32] (concat bv[0:16] T1_17 T1_16) (bvmul bv[4294967295:32] (concat T1_49 T1_48 T1_47 T1_46))) u S
(bvule (bvadd bv[24:32] (concat T1_49 T1_48 T1_47 T1_46)) (bvadd bv[4294967266:32] (concat bv[0:16] T1_17 T1_16))) u S
(bvule (bvadd bv[62:32] (concat T1_49 T1_48 T1_47 T1_46)) (bvadd bv[4294967266:32] (concat bv[0:16] T1_17 T1_16))) u S
(bvadd bv[4294967124:32] (concat bv[0:16] T1_17 T1_16) (bvmul bv[4294967295:32] (concat T1_49 T1_48 T1_47 T1_46))) u S
(bvule (concat T1_49 T1_48 T1_47 T1_46) (bvadd bv[4294967266:32] (concat bv[0:16] T1_17 T1_16))) u S
(= (concat bv[0:16] T1_17 T1_16) (bvadd bv[30:32] (concat T1_49 T1_48 T1_47 T1_46))) u S
(= (concat bv[0:16] T1_17 T1_16) (bvadd bv[68:32] (concat T1_49 T1_48 T1_47 T1_46))) u S
(= (concat bv[0:16] T1_17 T1_16) (bvadd bv[172:32] (concat T1_49 T1_48 T1_47 T1_46))) u S
(= (bvadd (concat bv[0:16] T1_55 T1_54) (concat bv[0:16] T1_57 T1_56) (concat bv[0:16] T1_59 T1_58) (concat bv[0:16] T1_61 T1_60) (concat bv[0:16] T1_63 T1_62)) (bvadd bv[4294967262:32] (concat T1_49 T1_48 T1_47 T1_46))) u S
(= (concat T1_49 T1_48 T1_47 T1_46) (concat (concat #927 T1_47) T1_46)) u S
(bvule bv[26:32] (bvadd bv[4294967266:32] (concat bv[0:16] T1_17 T1_16) (bvmul bv[4294967295:32] #378))) u S
(bvule bv[104:32] (bvadd bv[4294967228:32] (concat bv[0:16] T1_17 T1_16) (bvmul bv[4294967295:32] #378))) u S
(bvule bv[46:32] (bvadd bv[4294967124:32] (concat bv[0:16] T1_17 T1_16) (bvmul bv[4294967295:32] #378))) u S
(bvadd bv[4294967228:32] (concat bv[0:16] T1_17 T1_16) (bvmul bv[4294967295:32] (concat T1_49 T1_48 T1_47 T1_46))) d S
(bvadd bv[4294967266:32] (concat bv[0:16] T1_17 T1_16) (bvmul bv[4294967295:32] (concat T1_49 T1_48 T1_47 T1_46))) d S
(bvadd bv[4294967124:32] (concat bv[0:16] T1_17 T1_16) (bvmul bv[4294967295:32] (concat T1_49 T1_48 T1_47 T1_46))) d S
(bvadd bv[172:32] (concat T1_49 T1_48 T1_47 T1_46)) d S
(bvadd bv[4294967262:32] (concat T1_49 T1_48 T1_47 T1_46)) d S
(bvadd bv[30:32] (concat T1_49 T1_48 T1_47 T1_46)) d S
(bvadd bv[166:32] (concat T1_49 T1_48 T1_47 T1_46)) d S
(bvadd bv[68:32] (concat T1_49 T1_48 T1_47 T1_46)) d S
(bvmul bv[4294967295:32] (concat T1_49 T1_48 T1_47 T1_46)) d S
(bvadd bv[62:32] (concat T1_49 T1_48 T1_47 T1_46)) d S
(bvadd bv[24:32] (concat T1_49 T1_48 T1_47 T1_46)) d S
(concat T1_49 T1_48 T1_47 T1_46) d S
(concat bv[0:16] T1_17 T1_16) d S
(bvadd bv[4294967266:32] (concat bv[0:16] T1_17 T1_16)) u S
(bvmul bv[4294967295:32] (concat T1_49 T1_48 T1_47 T1_46)) u S
(bvadd bv[172:32] (concat T1_49 T1_48 T1_47 T1_46)) u S
(bvadd bv[68:32] (concat T1_49 T1_48 T1_47 T1_46)) u S
(bvadd bv[30:32] (concat T1_49 T1_48 T1_47 T1_46)) u S
(bvadd bv[4294967262:32] (concat T1_49 T1_48 T1_47 T1_46)) u S
(bvadd bv[166:32] (concat T1_49 T1_48 T1_47 T1_46)) u S
(bvadd bv[62:32] (concat T1_49 T1_48 T1_47 T1_46)) u S
(bvadd bv[24:32] (concat T1_49 T1_48 T1_47 T1_46)) u S
(= (concat bv[0:16] T1_17 T1_16) (concat (concat bv[0:16] T1_17) T1_16)) u S
(= (concat bv[0:16] T1_17 T1_16) (bvadd bv[172:32] (concat T1_49 T1_48 T1_47 T1_46))) u S
(bvadd bv[4294967228:32] (concat bv[0:16] T1_17 T1_16) (bvmul bv[4294967295:32] (concat T1_49 T1_48 T1_47 T1_46))) u S
(bvule (bvadd bv[62:32] (concat T1_49 T1_48 T1_47 T1_46)) (bvadd bv[4294967266:32] (concat bv[0:16] T1_17 T1_16))) u S
(bvadd bv[4294967266:32] (concat bv[0:16] T1_17 T1_16) (bvmul bv[4294967295:32] (concat T1_49 T1_48 T1_47 T1_46))) u S
(extract[31:10] (bvadd bv[4294967266:32] (concat bv[0:16] T1_17 T1_16))) u S
(bvule (concat T1_49 T1_48 T1_47 T1_46) (bvadd bv[4294967266:32] (concat bv[0:16] T1_17 T1_16))) u S
(= (concat bv[0:16] T1_17 T1_16) (bvadd bv[68:32] (concat T1_49 T1_48 T1_47 T1_46))) u S
(bvule (bvadd bv[24:32] (concat T1_49 T1_48 T1_47 T1_46)) (bvadd bv[4294967266:32] (concat bv[0:16] T1_17 T1_16))) u S
(= (concat bv[0:16] T1_17 T1_16) (bvadd bv[30:32] (concat T1_49 T1_48 T1_47 T1_46))) u S
(bvule (bvadd bv[166:32] (concat T1_49 T1_48 T1_47 T1_46)) (bvadd bv[4294967266:32] (concat bv[0:16] T1_17 T1_16))) u S
(= (bvadd (concat bv[0:16] T1_55 T1_54) (concat bv[0:16] T1_57 T1_56) (concat bv[0:16] T1_59 T1_58) (concat bv[0:16] T1_61 T1_60) (concat bv[0:16] T1_63 T1_62)) (bvadd bv[4294967262:32] (concat T1_49 T1_48 T1_47 T1_46))) u S
(bvadd bv[4294967124:32] (concat bv[0:16] T1_17 T1_16) (bvmul bv[4294967295:32] (concat T1_49 T1_48 T1_47 T1_46))) u S
(= (extract[31:10] (bvadd bv[4294967266:32] #689)) bv[0:22]) u S
(bvule bv[46:32] (bvadd bv[4294967124:32] (concat bv[0:16] T1_17 T1_16) (bvmul bv[4294967295:32] #378))) u S
(bvule bv[26:32] (bvadd bv[4294967266:32] (concat bv[0:16] T1_17 T1_16) (bvmul bv[4294967295:32] #378))) u S
(= (concat T1_49 T1_48 T1_47 T1_46) (concat (concat #927 T1_47) T1_46)) u S
(bvule bv[104:32] (bvadd bv[4294967228:32] (concat bv[0:16] T1_17 T1_16) (bvmul bv[4294967295:32] #378))) u S
(bvadd bv[4294967228:32] (concat bv[0:16] T1_17 T1_16) (bvmul bv[4294967295:32] (concat T1_49 T1_48 T1_47 T1_46))) d S
(bvadd bv[4294967266:32] (concat bv[0:16] T1_17 T1_16) (bvmul bv[4294967295:32] (concat T1_49 T1_48 T1_47 T1_46))) d S
(extract[31:10] (bvadd bv[4294967266:32] (concat bv[0:16] T1_17 T1_16))) d S
(bvadd bv[4294967124:32] (concat bv[0:16] T1_17 T1_16) (bvmul bv[4294967295:32] (concat T1_49 T1_48 T1_47 T1_46))) d S
(bvadd bv[30:32] (concat T1_49 T1_48 T1_47 T1_46)) d S
(bvadd bv[24:32] (concat T1_49 T1_48 T1_47 T1_46)) d S
(bvadd bv[62:32] (concat T1_49 T1_48 T1_47 T1_46)) d S
(bvadd bv[166:32] (concat T1_49 T1_48 T1_47 T1_46)) d S
(bvadd bv[4294967262:32] (concat T1_49 T1_48 T1_47 T1_46)) d S
(bvadd bv[4294967266:32] (concat bv[0:16] T1_17 T1_16)) d S
(bvadd bv[68:32] (concat T1_49 T1_48 T1_47 T1_46)) d S
(bvmul bv[4294967295:32] (concat T1_49 T1_48 T1_47 T1_46)) d S
(bvadd bv[172:32] (concat T1_49 T1_48 T1_47 T1_46)) d S
on-model 
(sat.ddfw :unsat :models :kflips/sec  :flips  :restarts  :reinits  :unsat_vars  :shifts)
(sat.ddfw       0      1   6.66667       100         0          0            0        1)
ramon: end                  Wed Aug 28 15:47:19 2024
ramon: root.execname        z3
ramon: root.utime           0.000s
ramon: root.stime           0.010s
ramon: group.total          0.020s
ramon: group.utime          0.005s
ramon: group.stime          0.015s
ramon: group.mempeak        18460KiB
ramon: group.pidpeak        2
ramon: status               exited
ramon: exitcode             0
ramon: walltime             0.074s
ramon: loadavg              0.27
