ramon: cwd                  /home/gh1/A/_work/z3-poly-testing/z3-poly-testing
ramon: start                Wed Aug 28 15:47:40 2024
ramon: nproc                32
ramon: sys.mem              63442 MiB
ramon: sys.mem.free         46532 MiB
ramon: sys.mem.avail        62943 MiB
ramon: sys.nprocs           861
ramon: argv                 0 = z3
ramon: argv                 1 = inputs/QF_BV_SAT/bench_4261.smt2
ramon: argv                 2 = -T:5
ramon: argv                 3 = -v:2
ramon: argv                 4 = -st
ramon: argv                 5 = tactic.default_tactic=(then simplify propagate-values solve-eqs simplify sls-smt)
ramon: childpid             3682805
UNITS 0 -1 -2 -3
on-model 
(concat bv[0:24] T1@500) d S
bv[0:24] d S
(concat bv[0:24] T1@521) u S
(concat bv[0:24] T1@500) u F
(concat bv[0:24] T1@520) u S
(concat bv[0:24] T1@517) u S
(concat bv[0:24] T1@509) u S
(concat bv[0:24] T1@508) u S
(concat bv[0:24] T1@516) u S
(concat bv[0:24] T1@507) u S
(concat bv[0:24] T1@506) u S
(concat bv[0:24] T1@515) u S
(concat bv[0:24] T1@505) u S
(concat bv[0:24] T1@504) u S
(concat bv[0:24] T1@514) u S
(concat bv[0:24] T1@503) u S
(concat bv[0:24] T1@502) u S
(concat bv[0:24] T1@519) u S
(concat bv[0:24] T1@513) u S
(concat bv[0:24] T1@501) u S
(concat bv[0:24] T1@512) u S
(concat bv[0:24] T1@518) u S
(concat bv[0:24] T1@511) u S
(concat bv[0:24] T1@510) u S
(bvmul bv[1131250383:32] (concat bv[0:24] T1@511)) u S
(bvmul bv[3277241695:32] (concat bv[0:24] T1@510)) u S
(bvmul bv[361032991:32] (concat bv[0:24] T1@514)) u S
(bvmul bv[1232838527:32] (concat bv[0:24] T1@508)) u S
(bvmul bv[2359725711:32] (concat bv[0:24] T1@515)) u S
(bvmul bv[1060011423:32] (concat bv[0:24] T1@506)) u S
(bvmul bv[3935764223:32] (concat bv[0:24] T1@516)) u S
(bvsle (concat bv[0:24] T1@500) bv[63:32]) u S
(bvmul bv[871018095:32] (concat bv[0:24] T1@517)) u S
(bvmul bv[2185208367:32] (concat bv[0:24] T1@521)) u S
(bvmul bv[961124079:32] (concat bv[0:24] T1@509)) u S
(bvmul bv[2115409599:32] (concat bv[0:24] T1@520)) u S
(bvmul bv[4028907375:32] (concat bv[0:24] T1@501)) u S
(bvmul bv[2142022319:32] (concat bv[0:24] T1@513)) u S
(bvmul bv[4178587103:32] (concat bv[0:24] T1@502)) u S
(bvmul bv[2203466575:32] (concat bv[0:24] T1@503)) u S
(bvmul bv[3817173807:32] (concat bv[0:24] T1@505)) u S
(bvmul bv[1843910591:32] (concat bv[0:24] T1@504)) u S
(bvmul bv[1871800079:32] (concat bv[0:24] T1@507)) u S
(bvmul bv[615845087:32] (concat bv[0:24] T1@518)) u S
(bvmul bv[1530353471:32] (concat bv[0:24] T1@512)) u S
(bvmul bv[2818083407:32] (concat bv[0:24] T1@519)) u S
(bvadd bv[2462702124:32] (bvmul bv[4028907375:32] (concat bv[0:24] T1@501)) (bvmul bv[4178587103:32] (concat bv[0:24] T1@502)) (bvmul bv[2203466575:32] (concat bv[0:24] T1@503)) (bvmul bv[1843910591:32] (concat bv[0:24] T1@504)) (bvmul bv[3817173807:32] (concat bv[0:24] T1@505)) (bvmul bv[1060011423:32] (concat bv[0:24] T1@506)) (bvmul bv[1871800079:32] (concat bv[0:24] T1@507)) (bvmul bv[1232838527:32] (concat bv[0:24] T1@508)) (bvmul bv[961124079:32] (concat bv[0:24] T1@509)) (bvmul bv[3277241695:32] (concat bv[0:24] T1@510)) (bvmul bv[1131250383:32] (concat bv[0:24] T1@511)) (bvmul bv[1530353471:32] (concat bv[0:24] T1@512)) (bvmul bv[2142022319:32] (concat bv[0:24] T1@513)) (bvmul bv[361032991:32] (concat bv[0:24] T1@514)) (bvmul bv[2359725711:32] (concat bv[0:24] T1@515)) ...) u S
(bvadd bv[115223063:32] (bvmul bv[4028907375:32] (concat bv[0:24] T1@501)) (bvmul bv[4178587103:32] (concat bv[0:24] T1@502)) (bvmul bv[2203466575:32] (concat bv[0:24] T1@503)) (bvmul bv[1843910591:32] (concat bv[0:24] T1@504)) (bvmul bv[3817173807:32] (concat bv[0:24] T1@505)) (bvmul bv[1060011423:32] (concat bv[0:24] T1@506)) (bvmul bv[1871800079:32] (concat bv[0:24] T1@507)) (bvmul bv[1232838527:32] (concat bv[0:24] T1@508)) (bvmul bv[961124079:32] (concat bv[0:24] T1@509)) (bvmul bv[3277241695:32] (concat bv[0:24] T1@510)) (bvmul bv[1131250383:32] (concat bv[0:24] T1@511)) (bvmul bv[1530353471:32] (concat bv[0:24] T1@512)) (bvmul bv[2142022319:32] (concat bv[0:24] T1@513)) (bvmul bv[361032991:32] (concat bv[0:24] T1@514)) (bvmul bv[2359725711:32] (concat bv[0:24] T1@515)) ...) u S
(= (concat bv[0:24] T1@500) (bvadd bv[115223063:32] (bvmul bv[4028907375:32] #171) (bvmul bv[4178587103:32] #178) (bvmul bv[2203466575:32] #187) (bvmul bv[1843910591:32] #198) (bvmul bv[3817173807:32] #211) (bvmul bv[1060011423:32] #226) (bvmul bv[1871800079:32] #243) (bvmul bv[1232838527:32] #262) (bvmul bv[961124079:32] #283) (bvmul bv[3277241695:32] #306) (bvmul bv[1131250383:32] #331) (bvmul bv[1530353471:32] #358) (bvmul bv[2142022319:32] #387) (bvmul bv[361032991:32] #418) (bvmul bv[2359725711:32] #451) ...)) u S
(= (concat bv[0:24] T1@500) (bvadd bv[2462702124:32] (bvmul bv[4028907375:32] #171) (bvmul bv[4178587103:32] #178) (bvmul bv[2203466575:32] #187) (bvmul bv[1843910591:32] #198) (bvmul bv[3817173807:32] #211) (bvmul bv[1060011423:32] #226) (bvmul bv[1871800079:32] #243) (bvmul bv[1232838527:32] #262) (bvmul bv[961124079:32] #283) (bvmul bv[3277241695:32] #306) (bvmul bv[1131250383:32] #331) (bvmul bv[1530353471:32] #358) (bvmul bv[2142022319:32] #387) (bvmul bv[361032991:32] #418) (bvmul bv[2359725711:32] #451) ...)) u S
(bvadd bv[2462702124:32] (bvmul bv[4028907375:32] (concat bv[0:24] T1@501)) (bvmul bv[4178587103:32] (concat bv[0:24] T1@502)) (bvmul bv[2203466575:32] (concat bv[0:24] T1@503)) (bvmul bv[1843910591:32] (concat bv[0:24] T1@504)) (bvmul bv[3817173807:32] (concat bv[0:24] T1@505)) (bvmul bv[1060011423:32] (concat bv[0:24] T1@506)) (bvmul bv[1871800079:32] (concat bv[0:24] T1@507)) (bvmul bv[1232838527:32] (concat bv[0:24] T1@508)) (bvmul bv[961124079:32] (concat bv[0:24] T1@509)) (bvmul bv[3277241695:32] (concat bv[0:24] T1@510)) (bvmul bv[1131250383:32] (concat bv[0:24] T1@511)) (bvmul bv[1530353471:32] (concat bv[0:24] T1@512)) (bvmul bv[2142022319:32] (concat bv[0:24] T1@513)) (bvmul bv[361032991:32] (concat bv[0:24] T1@514)) (bvmul bv[2359725711:32] (concat bv[0:24] T1@515)) ...) d S
(bvadd bv[115223063:32] (bvmul bv[4028907375:32] (concat bv[0:24] T1@501)) (bvmul bv[4178587103:32] (concat bv[0:24] T1@502)) (bvmul bv[2203466575:32] (concat bv[0:24] T1@503)) (bvmul bv[1843910591:32] (concat bv[0:24] T1@504)) (bvmul bv[3817173807:32] (concat bv[0:24] T1@505)) (bvmul bv[1060011423:32] (concat bv[0:24] T1@506)) (bvmul bv[1871800079:32] (concat bv[0:24] T1@507)) (bvmul bv[1232838527:32] (concat bv[0:24] T1@508)) (bvmul bv[961124079:32] (concat bv[0:24] T1@509)) (bvmul bv[3277241695:32] (concat bv[0:24] T1@510)) (bvmul bv[1131250383:32] (concat bv[0:24] T1@511)) (bvmul bv[1530353471:32] (concat bv[0:24] T1@512)) (bvmul bv[2142022319:32] (concat bv[0:24] T1@513)) (bvmul bv[361032991:32] (concat bv[0:24] T1@514)) (bvmul bv[2359725711:32] (concat bv[0:24] T1@515)) ...) d S
(bvmul bv[2115409599:32] (concat bv[0:24] T1@520)) d S
(bvmul bv[2818083407:32] (concat bv[0:24] T1@519)) d S
(bvmul bv[4028907375:32] (concat bv[0:24] T1@501)) d S
(bvmul bv[2142022319:32] (concat bv[0:24] T1@513)) d S
(bvmul bv[4178587103:32] (concat bv[0:24] T1@502)) d S
(bvmul bv[2203466575:32] (concat bv[0:24] T1@503)) d S
(bvmul bv[3817173807:32] (concat bv[0:24] T1@505)) d S
(bvmul bv[1843910591:32] (concat bv[0:24] T1@504)) d S
(bvmul bv[1131250383:32] (concat bv[0:24] T1@511)) d S
(bvmul bv[615845087:32] (concat bv[0:24] T1@518)) d S
(bvmul bv[1530353471:32] (concat bv[0:24] T1@512)) d S
(bvmul bv[961124079:32] (concat bv[0:24] T1@509)) d S
(bvmul bv[1871800079:32] (concat bv[0:24] T1@507)) d S
(bvmul bv[2185208367:32] (concat bv[0:24] T1@521)) d S
(bvmul bv[3277241695:32] (concat bv[0:24] T1@510)) d S
(bvmul bv[361032991:32] (concat bv[0:24] T1@514)) d S
(bvmul bv[1232838527:32] (concat bv[0:24] T1@508)) d S
(bvmul bv[2359725711:32] (concat bv[0:24] T1@515)) d S
(bvmul bv[1060011423:32] (concat bv[0:24] T1@506)) d S
(bvmul bv[3935764223:32] (concat bv[0:24] T1@516)) d S
(bvmul bv[871018095:32] (concat bv[0:24] T1@517)) d S
(concat bv[0:24] T1@505) d S
(concat bv[0:24] T1@521) d S
(concat bv[0:24] T1@506) d S
(concat bv[0:24] T1@500) d S
(concat bv[0:24] T1@518) d S
(concat bv[0:24] T1@519) d S
(concat bv[0:24] T1@511) d S
(concat bv[0:24] T1@509) d S
(concat bv[0:24] T1@512) d S
(concat bv[0:24] T1@514) d S
(concat bv[0:24] T1@502) d S
(concat bv[0:24] T1@516) d S
(concat bv[0:24] T1@520) d S
(concat bv[0:24] T1@513) d S
(concat bv[0:24] T1@501) d S
(concat bv[0:24] T1@515) d S
(concat bv[0:24] T1@510) d S
(concat bv[0:24] T1@508) d S
(concat bv[0:24] T1@503) d S
(concat bv[0:24] T1@507) d S
(concat bv[0:24] T1@517) d S
(concat bv[0:24] T1@504) d S
bv[0:24] d S
(concat bv[0:24] T1@521) u S
(concat bv[0:24] T1@500) u S
(concat bv[0:24] T1@520) u S
(concat bv[0:24] T1@518) u S
(concat bv[0:24] T1@514) u S
(concat bv[0:24] T1@506) u S
(concat bv[0:24] T1@505) u S
(concat bv[0:24] T1@513) u S
(concat bv[0:24] T1@504) u S
(concat bv[0:24] T1@503) u S
(concat bv[0:24] T1@517) u S
(concat bv[0:24] T1@512) u S
(concat bv[0:24] T1@502) u S
(concat bv[0:24] T1@501) u S
(concat bv[0:24] T1@511) u S
(concat bv[0:24] T1@519) u S
(concat bv[0:24] T1@516) u S
(concat bv[0:24] T1@510) u S
(concat bv[0:24] T1@509) u S
(concat bv[0:24] T1@515) u S
(concat bv[0:24] T1@508) u S
(concat bv[0:24] T1@507) u S
(bvmul bv[1232838527:32] (concat bv[0:24] T1@508)) u S
(bvmul bv[1871800079:32] (concat bv[0:24] T1@507)) u S
(bvmul bv[4178587103:32] (concat bv[0:24] T1@502)) u S
(bvmul bv[3817173807:32] (concat bv[0:24] T1@505)) u S
(bvsle (concat bv[0:24] T1@500) bv[63:32]) u S
(bvmul bv[2115409599:32] (concat bv[0:24] T1@520)) u S
(bvmul bv[1843910591:32] (concat bv[0:24] T1@504)) u S
(bvmul bv[2142022319:32] (concat bv[0:24] T1@513)) u S
(bvmul bv[361032991:32] (concat bv[0:24] T1@514)) u S
(bvmul bv[2185208367:32] (concat bv[0:24] T1@521)) u S
(bvmul bv[1060011423:32] (concat bv[0:24] T1@506)) u S
(bvmul bv[615845087:32] (concat bv[0:24] T1@518)) u S
(bvmul bv[3277241695:32] (concat bv[0:24] T1@510)) u S
(bvmul bv[3935764223:32] (concat bv[0:24] T1@516)) u S
(bvmul bv[1131250383:32] (concat bv[0:24] T1@511)) u S
(bvmul bv[4028907375:32] (concat bv[0:24] T1@501)) u S
(bvmul bv[871018095:32] (concat bv[0:24] T1@517)) u S
(bvmul bv[1530353471:32] (concat bv[0:24] T1@512)) u S
(bvmul bv[2203466575:32] (concat bv[0:24] T1@503)) u S
(bvmul bv[2359725711:32] (concat bv[0:24] T1@515)) u S
(bvmul bv[961124079:32] (concat bv[0:24] T1@509)) u S
(bvmul bv[2818083407:32] (concat bv[0:24] T1@519)) u S
(bvadd bv[2462702124:32] (bvmul bv[4028907375:32] (concat bv[0:24] T1@501)) (bvmul bv[4178587103:32] (concat bv[0:24] T1@502)) (bvmul bv[2203466575:32] (concat bv[0:24] T1@503)) (bvmul bv[1843910591:32] (concat bv[0:24] T1@504)) (bvmul bv[3817173807:32] (concat bv[0:24] T1@505)) (bvmul bv[1060011423:32] (concat bv[0:24] T1@506)) (bvmul bv[1871800079:32] (concat bv[0:24] T1@507)) (bvmul bv[1232838527:32] (concat bv[0:24] T1@508)) (bvmul bv[961124079:32] (concat bv[0:24] T1@509)) (bvmul bv[3277241695:32] (concat bv[0:24] T1@510)) (bvmul bv[1131250383:32] (concat bv[0:24] T1@511)) (bvmul bv[1530353471:32] (concat bv[0:24] T1@512)) (bvmul bv[2142022319:32] (concat bv[0:24] T1@513)) (bvmul bv[361032991:32] (concat bv[0:24] T1@514)) (bvmul bv[2359725711:32] (concat bv[0:24] T1@515)) ...) u S
(bvadd bv[115223063:32] (bvmul bv[4028907375:32] (concat bv[0:24] T1@501)) (bvmul bv[4178587103:32] (concat bv[0:24] T1@502)) (bvmul bv[2203466575:32] (concat bv[0:24] T1@503)) (bvmul bv[1843910591:32] (concat bv[0:24] T1@504)) (bvmul bv[3817173807:32] (concat bv[0:24] T1@505)) (bvmul bv[1060011423:32] (concat bv[0:24] T1@506)) (bvmul bv[1871800079:32] (concat bv[0:24] T1@507)) (bvmul bv[1232838527:32] (concat bv[0:24] T1@508)) (bvmul bv[961124079:32] (concat bv[0:24] T1@509)) (bvmul bv[3277241695:32] (concat bv[0:24] T1@510)) (bvmul bv[1131250383:32] (concat bv[0:24] T1@511)) (bvmul bv[1530353471:32] (concat bv[0:24] T1@512)) (bvmul bv[2142022319:32] (concat bv[0:24] T1@513)) (bvmul bv[361032991:32] (concat bv[0:24] T1@514)) (bvmul bv[2359725711:32] (concat bv[0:24] T1@515)) ...) u S
(= (concat bv[0:24] T1@500) (bvadd bv[2462702124:32] (bvmul bv[4028907375:32] #171) (bvmul bv[4178587103:32] #178) (bvmul bv[2203466575:32] #187) (bvmul bv[1843910591:32] #198) (bvmul bv[3817173807:32] #211) (bvmul bv[1060011423:32] #226) (bvmul bv[1871800079:32] #243) (bvmul bv[1232838527:32] #262) (bvmul bv[961124079:32] #283) (bvmul bv[3277241695:32] #306) (bvmul bv[1131250383:32] #331) (bvmul bv[1530353471:32] #358) (bvmul bv[2142022319:32] #387) (bvmul bv[361032991:32] #418) (bvmul bv[2359725711:32] #451) ...)) u S
(= (concat bv[0:24] T1@500) (bvadd bv[115223063:32] (bvmul bv[4028907375:32] #171) (bvmul bv[4178587103:32] #178) (bvmul bv[2203466575:32] #187) (bvmul bv[1843910591:32] #198) (bvmul bv[3817173807:32] #211) (bvmul bv[1060011423:32] #226) (bvmul bv[1871800079:32] #243) (bvmul bv[1232838527:32] #262) (bvmul bv[961124079:32] #283) (bvmul bv[3277241695:32] #306) (bvmul bv[1131250383:32] #331) (bvmul bv[1530353471:32] #358) (bvmul bv[2142022319:32] #387) (bvmul bv[361032991:32] #418) (bvmul bv[2359725711:32] #451) ...)) u S
(bvadd bv[2462702124:32] (bvmul bv[4028907375:32] (concat bv[0:24] T1@501)) (bvmul bv[4178587103:32] (concat bv[0:24] T1@502)) (bvmul bv[2203466575:32] (concat bv[0:24] T1@503)) (bvmul bv[1843910591:32] (concat bv[0:24] T1@504)) (bvmul bv[3817173807:32] (concat bv[0:24] T1@505)) (bvmul bv[1060011423:32] (concat bv[0:24] T1@506)) (bvmul bv[1871800079:32] (concat bv[0:24] T1@507)) (bvmul bv[1232838527:32] (concat bv[0:24] T1@508)) (bvmul bv[961124079:32] (concat bv[0:24] T1@509)) (bvmul bv[3277241695:32] (concat bv[0:24] T1@510)) (bvmul bv[1131250383:32] (concat bv[0:24] T1@511)) (bvmul bv[1530353471:32] (concat bv[0:24] T1@512)) (bvmul bv[2142022319:32] (concat bv[0:24] T1@513)) (bvmul bv[361032991:32] (concat bv[0:24] T1@514)) (bvmul bv[2359725711:32] (concat bv[0:24] T1@515)) ...) d S
(bvadd bv[115223063:32] (bvmul bv[4028907375:32] (concat bv[0:24] T1@501)) (bvmul bv[4178587103:32] (concat bv[0:24] T1@502)) (bvmul bv[2203466575:32] (concat bv[0:24] T1@503)) (bvmul bv[1843910591:32] (concat bv[0:24] T1@504)) (bvmul bv[3817173807:32] (concat bv[0:24] T1@505)) (bvmul bv[1060011423:32] (concat bv[0:24] T1@506)) (bvmul bv[1871800079:32] (concat bv[0:24] T1@507)) (bvmul bv[1232838527:32] (concat bv[0:24] T1@508)) (bvmul bv[961124079:32] (concat bv[0:24] T1@509)) (bvmul bv[3277241695:32] (concat bv[0:24] T1@510)) (bvmul bv[1131250383:32] (concat bv[0:24] T1@511)) (bvmul bv[1530353471:32] (concat bv[0:24] T1@512)) (bvmul bv[2142022319:32] (concat bv[0:24] T1@513)) (bvmul bv[361032991:32] (concat bv[0:24] T1@514)) (bvmul bv[2359725711:32] (concat bv[0:24] T1@515)) ...) d S
(bvmul bv[615845087:32] (concat bv[0:24] T1@518)) d S
(bvmul bv[2818083407:32] (concat bv[0:24] T1@519)) d S
(bvmul bv[3277241695:32] (concat bv[0:24] T1@510)) d S
(bvmul bv[3935764223:32] (concat bv[0:24] T1@516)) d S
(bvmul bv[1131250383:32] (concat bv[0:24] T1@511)) d S
(bvmul bv[4028907375:32] (concat bv[0:24] T1@501)) d S
(bvmul bv[871018095:32] (concat bv[0:24] T1@517)) d S
(bvmul bv[1530353471:32] (concat bv[0:24] T1@512)) d S
(bvmul bv[1232838527:32] (concat bv[0:24] T1@508)) d S
(bvmul bv[2359725711:32] (concat bv[0:24] T1@515)) d S
(bvmul bv[961124079:32] (concat bv[0:24] T1@509)) d S
(bvmul bv[1060011423:32] (concat bv[0:24] T1@506)) d S
(bvmul bv[2203466575:32] (concat bv[0:24] T1@503)) d S
(bvmul bv[2185208367:32] (concat bv[0:24] T1@521)) d S
(bvmul bv[1871800079:32] (concat bv[0:24] T1@507)) d S
(bvmul bv[4178587103:32] (concat bv[0:24] T1@502)) d S
(bvmul bv[3817173807:32] (concat bv[0:24] T1@505)) d S
(bvmul bv[2115409599:32] (concat bv[0:24] T1@520)) d S
(bvmul bv[1843910591:32] (concat bv[0:24] T1@504)) d S
(bvmul bv[2142022319:32] (concat bv[0:24] T1@513)) d S
(bvmul bv[361032991:32] (concat bv[0:24] T1@514)) d S
(concat bv[0:24] T1@517) d S
(concat bv[0:24] T1@521) d S
(concat bv[0:24] T1@504) d S
(concat bv[0:24] T1@500) d S
(concat bv[0:24] T1@515) d S
(concat bv[0:24] T1@508) d S
(concat bv[0:24] T1@514) d S
(concat bv[0:24] T1@518) d S
(concat bv[0:24] T1@502) d S
(concat bv[0:24] T1@511) d S
(concat bv[0:24] T1@505) d S
(concat bv[0:24] T1@520) d S
(concat bv[0:24] T1@516) d S
(concat bv[0:24] T1@510) d S
(concat bv[0:24] T1@503) d S
(concat bv[0:24] T1@507) d S
(concat bv[0:24] T1@506) d S
(concat bv[0:24] T1@501) d S
(concat bv[0:24] T1@513) d S
(concat bv[0:24] T1@509) d S
(concat bv[0:24] T1@512) d S
(concat bv[0:24] T1@519) d S
on-model 
(sat.ddfw :unsat :models :kflips/sec  :flips  :restarts  :reinits  :unsat_vars  :shifts)
(sat.ddfw       0      1  0.428571         3         0          0            0        1)
ramon: end                  Wed Aug 28 15:47:40 2024
ramon: root.execname        z3
ramon: root.utime           0.000s
ramon: root.stime           0.010s
ramon: group.total          0.012s
ramon: group.utime          0.000s
ramon: group.stime          0.012s
ramon: group.mempeak        18504KiB
ramon: group.pidpeak        2
ramon: status               exited
ramon: exitcode             0
ramon: walltime             0.012s
ramon: loadavg              0.93
